:Product: Daily Geomagnetic Data          DGD.txt
:Issued: 2130 UT 26 Apr 2023
#
#  Prepared by the U.S. Dept. of Commerce, NOAA, Space Weather Prediction Center
#  Please send comment and suggestions to SWPC.Webmaster@noaa.gov
#
#               Last 30 Days Daily Geomagnetic Data
#
#
#                Middle Latitude        High Latitude            Estimated
#              - Fredericksburg -     ---- College ----      --- Planetary ---
#  Date        A     K-indices        A     K-indices        A     K-indices
2023 03 28     4  1 0 1 1 2 2 1 1     4  0 0 2 1 3 2 1 0     5   2.33  0.33  1.33  1.00  1.67  1.00  1.00  1.33
2023 03 29     4  2 0 0 1 2 2 1 2     5  1 2 0 1 3 2 1 1     6   2.33  0.67  0.67  1.33  1.67  1.33  1.33  2.33
2023 03 30    11  3 2 2 3 3 3 2 2    27  2 2 5 5 4 5 3 3    17   3.33  2.33  2.67  3.33  3.00  3.67  4.33  2.67
2023 03 31    17  4 4 3 4 2 2 2 3    27  4 3 5 5 4 4 2 3    21   4.33  4.67  3.00  3.67  2.67  2.33  3.00  3.67
2023 04 01    -1 -1-1-1-1-1-1-1-1    -1 -1-1-1-1-1-1-1-1    13   2.33  1.33  2.00  3.33  3.00  3.00  3.00  3.67
2023 04 02    13  4 3 3 3 3 2 1 2    17  3 3 5 4 2 1 3 2    15   4.00  3.67  3.00  3.00  2.33  1.00  2.00  3.33
2023 04 03    11  3 2 2 2 3 2 3 3    29  2 1 3 5 6 5 3 3    15   3.67  2.00  2.00  3.00  3.00  2.67  3.67  3.33
2023 04 04    10  4 3 2 2 2 1 2 2    19  3 3 5 4 4 1 2 2    13   3.67  3.67  2.33  2.67  2.33  1.00  2.00  3.00
2023 04 05     9  3 2 2 2 3 2 2 2    23  3 2 3 5 6 3 1 1    11   3.33  2.67  2.00  2.67  3.00  2.00  2.67  2.00
2023 04 06     7  2 1 1 3 2 1 3 1    20  2 2 2 6 5 1 1 1     9   2.33  1.67  1.33  3.00  2.00  1.00  3.33  2.00
2023 04 07     7  2 2 2 2 3 1 2 1    12  2 3 4 4 3 0 1 0     8   3.00  2.67  2.00  1.67  2.00  1.00  1.67  1.67
2023 04 08     5  1 2 1 2 2 2 1 1     5  1 2 3 2 1 1 0 0     6   1.67  2.33  1.33  2.33  1.33  1.33  0.67  2.00
2023 04 09     5  2 1 1 1 2 1 1 2     4  1 1 1 2 2 1 1 1     6   3.00  0.67  1.33  1.33  1.33  1.33  1.00  2.00
2023 04 10    11  2 3 3 2 4 2 1 2    21  2 5 5 3 4 3 1 1    14   3.00  3.33  3.67  3.00  3.00  3.00  1.33  1.67
2023 04 11     6  1 1 3 1 2 2 1 1     7  0 2 4 2 1 1 2 0     6   1.00  1.33  3.00  1.33  1.33  1.33  1.33  0.67
2023 04 12     4  0 1 2 1 2 1 1 1     1  0 0 1 0 1 1 0 0     4   1.00  1.00  1.67  0.67  1.67  1.00  0.67  1.33
2023 04 13     5  2 2 1 1 2 2 1 1     3  2 1 0 0 0 2 1 1     6   2.67  2.00  1.00  0.33  1.00  2.00  1.67  1.67
2023 04 14    10  2 1 2 3 3 2 3 2    11  1 0 2 3 5 2 1 1     7   2.00  0.67  1.67  2.33  2.67  1.67  1.33  2.33
2023 04 15     8  2 1 3 2 3 1 1 2    14  1 2 3 4 5 2 1 1     9   2.67  1.67  2.67  2.33  2.67  1.67  1.33  2.00
2023 04 16     4  1 1 2 2 1 1 1 1     7  1 1 4 3 1 0 0 1     4   1.33  1.00  2.00  1.33  1.00  0.33  0.33  1.00
2023 04 17     6  1 1 2 2 2 2 2 2     7  2 1 2 2 2 3 1 1     6   1.67  1.33  2.00  2.00  1.33  1.67  0.67  1.33
2023 04 18     9  1 1 1 1 3 3 3 3     6  0 1 0 0 2 3 3 2    13   1.00  1.00  0.67  0.67  3.67  4.33  3.67  3.00
2023 04 19     9  2 1 2 3 3 2 2 2    40  1 1 1 7 6 6 2 1    12   2.67  1.33  2.00  3.67  4.00  3.00  1.67  1.00
2023 04 20     5  1 1 1 2 2 2 1 2     3  1 1 1 0 1 2 1 1     5   1.00  1.33  1.67  0.67  1.67  2.33  0.67  2.00
2023 04 21     8  2 1 1 2 2 3 2 3    13  2 2 2 5 2 3 2 2     9   2.67  1.33  1.67  2.00  1.67  2.67  3.00  2.33
2023 04 22     6  1 3 2 1 2 1 1 2     6  3 3 1 1 0 1 1 1     7   2.00  3.00  1.67  0.67  1.00  1.33  1.00  2.33
2023 04 23    32  2 1 2 3 5 3 6 6    76  3 2 2 6 6 7 7 7    66   2.33  1.67  1.67  3.67  5.00  5.00  8.00  7.67
2023 04 24    39  5 6 5 6 3 3 2 3    58  6 6 7 6 5 3 1 3    76   7.00  8.00  6.67  6.33  3.67  3.00  2.00  3.33
2023 04 25     7  2 2 2 1 2 1 3 2    12  2 0 1 1 5 3 3 2    10   2.67  1.67  1.33  1.33  2.67  2.33  3.33  2.33
2023 04 26    -1  3 3 2 2 2 3 3-1    -1  3 4 4 5 6 4 3-1    14   2.67  3.33  2.00  2.67  3.33  3.00  3.67 -1.00
